99 97 96 95 94 94 93 93 92 92 91 91 90 90 90 90 
98 97 96 95 94 94 94 93 93 92 92 91 91 91 91 90 
97 96 95 94 94 94 94 93 93 93 92 92 91 91 91 91 
97 95 94 94 94 94 94 93 93 93 93 92 92 91 91 91 
96 95 94 93 93 93 93 93 93 93 93 92 92 91 91 91 
95 94 93 93 93 93 93 93 93 93 92 92 91 91 91 91 
95 94 93 92 92 92 92 92 92 92 92 91 91 91 91 91 
95 94 93 92 91 91 91 91 91 91 91 91 91 91 91 91 
95 94 92 92 91 91 90 90 90 91 91 91 91 91 91 91 
95 93 92 91 91 90 90 90 90 90 90 90 90 90 91 91 
95 94 92 91 90 90 89 89 89 89 89 89 89 90 90 90 
95 94 93 91 90 90 89 88 88 88 88 88 88 89 89 90 
94 94 93 92 91 90 89 88 88 88 88 87 88 88 88 89 
94 93 92 92 91 90 89 88 88 87 87 87 87 87 88 88 
93 93 92 92 91 90 89 88 87 87 87 86 87 87 87 88 
93 92 92 91 91 90 89 88 87 87 86 86 86 87 87 87 
92 92 91 91 90 89 89 88 87 86 86 86 86 86 87 87 
92 92 91 91 90 89 88 87 87 86 85 85 85 86 86 87 
92 92 91 91 90 89 88 87 86 86 85 85 85 85 86 86 
92 92 91 91 90 89 88 87 86 85 85 84 84 85 85 86 
93 92 92 91 90 89 88 87 86 85 84 84 84 84 85 85 
93 92 92 91 90 89 88 87 86 85 84 83 83 83 84 84 
93 93 92 92 91 90 88 87 86 85 84 83 83 83 83 84 
93 92 92 92 91 90 89 87 86 85 84 83 83 83 83 83 
92 92 92 91 91 90 89 88 87 86 84 83 83 83 83 83 
92 91 91 91 91 90 89 88 87 86 85 84 83 83 83 83 
91 91 91 91 90 90 89 89 88 87 85 84 84 83 83 83 
90 90 90 90 90 90 89 89 88 87 86 85 84 84 83 83 
90 89 89 89 89 89 89 89 88 87 87 86 85 84 83 83 
89 89 89 89 89 89 89 88 88 88 87 86 85 84 83 83 
89 89 89 88 88 88 88 88 88 87 87 86 86 85 84 83 
89 89 88 88 88 88 87 87 87 87 87 86 86 85 84 83 
89 89 88 88 87 87 87 87 87 87 86 86 85 85 84 83 
89 89 88 88 87 87 87 87 86 86 86 86 85 85 84 83 
89 89 88 87 87 87 86 86 86 86 86 86 85 85 84 83 
89 89 88 87 87 86 86 86 86 86 86 86 85 85 84 83 
89 88 88 87 87 86 86 86 86 86 86 86 85 84 83 82 
89 88 87 87 87 87 87 87 87 86 86 86 85 84 83 82 
89 88 87 87 87 87 87 87 87 87 86 86 85 84 83 82 
89 88 88 87 87 87 87 87 87 87 86 86 85 84 83 82 
90 89 88 88 87 87 87 87 87 87 87 86 85 84 83 81 
90 89 89 88 88 88 88 88 87 87 87 86 85 84 83 82 
90 90 89 89 88 88 88 88 87 87 87 86 85 84 83 82 
90 90 89 89 89 89 89 88 88 87 87 86 85 84 83 82 
90 90 90 89 89 89 89 89 88 87 86 86 85 84 84 83 
90 90 90 90 90 90 89 89 88 87 86 86 85 85 84 83 
90 90 90 90 90 90 90 89 88 87 87 86 85 85 84 83 
90 90 90 90 90 90 90 89 88 87 87 86 85 85 84 83 
90 89 89 90 90 90 90 89 88 88 87 86 85 85 84 83 
89 89 89 89 89 90 89 89 88 88 87 86 86 85 84 83 
89 89 88 89 89 89 89 89 88 88 87 86 86 85 84 83 
88 88 88 88 88 88 88 88 88 87 87 87 86 85 85 84 
87 87 87 87 87 87 88 88 88 87 87 87 87 86 85 84 
87 87 87 87 87 87 87 87 87 87 88 87 87 87 86 85 
86 86 86 86 86 86 86 87 87 87 88 88 88 87 86 85 
86 86 86 86 86 86 86 87 87 87 88 88 88 87 87 86 
86 86 86 86 86 86 86 86 87 87 87 88 88 87 87 86 
86 86 86 86 86 85 86 86 86 87 87 87 87 87 87 86 
87 86 86 86 86 85 85 85 86 86 86 87 87 87 86 86 
87 87 86 86 85 85 85 85 85 85 86 86 86 86 86 85 
87 87 86 86 85 85 85 84 84 85 85 85 85 85 85 85 
87 87 86 86 85 85 84 84 84 84 84 84 84 84 84 84 
86 86 86 86 85 85 84 84 84 84 84 84 84 84 84 84 
86 86 86 86 85 85 84 84 84 84 84 84 84 84 84 84 
86 86 86 86 86 85 85 84 84 84 84 84 84 84 84 84 
86 86 86 86 86 85 85 84 84 84 84 84 84 84 84 84 
86 86 86 86 86 85 85 85 84 84 84 84 84 84 84 84 
86 86 86 86 86 85 85 85 84 84 84 84 84 83 83 83 
86 86 86 85 85 85 85 85 84 84 84 84 83 83 83 83 
86 86 86 85 85 84 84 84 84 84 84 84 83 83 83 83 
86 86 85 85 84 84 84 84 84 84 84 83 83 83 83 83 
86 86 85 84 84 83 83 83 83 83 83 83 83 83 83 83 
86 85 84 84 83 83 83 83 83 83 83 84 84 84 84 83 
85 85 84 83 83 83 82 83 83 83 83 84 84 84 84 84 
85 85 84 83 83 82 82 82 82 83 83 83 84 84 84 84 
86 85 84 84 83 82 82 82 82 82 83 83 84 84 84 84 
86 86 85 84 83 83 82 82 82 82 83 83 84 84 84 84 
87 86 86 85 84 83 83 83 83 83 83 83 84 84 84 84 
87 87 86 86 85 84 84 83 83 83 83 84 84 84 84 85 
87 87 87 86 86 85 84 84 84 84 84 84 84 85 85 85 
88 87 87 87 86 86 85 85 85 85 85 85 85 85 86 86 
88 88 88 87 87 86 86 86 85 85 85 86 86 86 86 86 
88 88 88 88 87 87 86 86 86 86 86 86 86 86 87 87 
89 88 88 88 87 87 87 86 86 86 86 86 87 87 87 87 
89 88 88 88 87 87 87 87 86 86 86 87 87 87 87 87 
89 89 88 88 88 87 87 87 87 87 87 87 87 87 87 87 
90 89 88 88 88 88 88 87 87 87 87 88 88 88 88 87 
90 89 89 88 88 88 88 88 88 88 88 88 88 89 88 88 
90 89 89 89 89 89 89 89 89 89 89 89 89 89 89 88 
90 89 89 89 89 89 89 90 90 90 90 90 90 90 89 89 
90 89 89 89 89 90 90 90 90 90 91 91 91 90 90 89 
90 90 89 89 90 90 90 90 91 91 91 91 91 90 90 89 
90 90 90 90 90 90 90 90 91 91 92 91 91 91 90 89 
90 90 90 89 89 89 90 90 91 91 92 92 91 91 90 89 
90 90 90 89 89 89 90 90 91 91 92 92 91 91 90 89 
90 90 89 89 89 89 89 90 91 91 92 92 92 91 90 90 
89 89 89 89 89 89 89 90 90 91 92 92 92 91 91 90 
89 89 89 88 88 89 89 90 90 91 91 92 92 92 91 91 
89 89 88 88 88 88 89 89 90 90 91 92 92 92 92 91 
89 88 88 88 88 88 88 89 89 90 90 91 91 92 92 91 
88 88 88 88 88 88 88 88 89 89 90 90 91 91 91 91 
88 88 88 87 88 88 88 88 88 88 89 89 90 90 90 90 
88 87 87 87 87 88 88 88 88 88 88 88 89 89 90 90 
87 87 87 87 87 87 88 88 88 88 88 88 88 88 89 89 
86 86 86 86 87 87 87 87 87 87 87 87 87 88 88 88 
85 85 85 86 86 87 87 87 87 87 87 87 87 87 87 88 
85 85 85 85 86 86 86 86 86 86 86 86 86 86 87 87 
84 84 84 85 85 86 86 86 86 86 86 85 86 86 86 87 
84 84 84 85 85 85 85 85 85 85 85 85 85 85 86 87 
84 84 84 85 85 85 85 85 85 85 85 85 85 85 86 87 
84 85 85 85 85 85 85 85 85 85 85 85 85 86 86 87 
85 85 85 85 85 85 85 85 85 85 85 85 85 86 86 87 
85 85 86 86 86 86 85 85 85 85 85 85 86 86 87 87 
86 86 86 86 86 86 86 86 86 86 86 86 86 86 87 87 
86 86 87 87 87 87 86 86 86 86 86 86 86 86 86 87 
87 87 87 87 87 87 87 87 87 87 86 86 86 86 86 87 
87 87 88 88 87 87 87 87 87 87 86 86 86 85 86 86 
87 87 88 88 87 87 87 87 87 86 86 86 85 85 85 86 
87 87 88 88 87 87 87 86 86 86 86 85 85 85 85 85 
87 87 87 87 87 87 86 86 86 86 85 85 85 85 85 85 
87 87 87 87 87 87 86 86 86 85 85 85 85 85 85 85 
87 87 87 87 87 86 86 86 85 85 85 85 85 85 85 85 
87 87 87 87 86 86 86 85 85 85 85 85 85 85 85 85 
87 87 87 87 86 86 85 85 85 85 85 85 85 85 86 86 
87 87 87 86 86 86 85 85 85 85 85 85 85 86 86 86 
87 87 87 86 86 86 86 85 85 85 85 85 85 86 86 85 
87 87 86 86 86 86 86 86 86 86 86 86 86 86 85 85 
86 86 86 86 86 86 86 87 86 86 86 86 86 86 85 85 